  303
  310
  323
  327
  349
  350
  354
  355
  367
  383
  401
  402
  403
  412
  426
  437
  445
  451
  458
  471
  479
  498
  510
  518
  519
  530
  540
  549
  555
  558
  571
  585
  596
  602
  610
  611
  628
  632
  646
  650
  660
  678
  683
  699
  700
  716
  720
  723
  741
  744
  759
  765
  774
  795
  796
  801
  813
  824
  825
  838
  844
  861
  865
  883
  888
  904
  908
  914
  922
  937
  946
  958
  959
  982
  992
  994
 1010
 1014
 1032
 1034
 1047
 1051
 1070
 1071
 1091
 1110
 1113
 1115
 1120
 1147
 1149
 1164
 1170
 1176
 1194
 1200
 1212
 1217
 1230
 1237
 1247
 1261
 1264
 1278
 1290
 1292
 1299
 1319
 1321
 1339
 1351
 1355
 1358
 1368
 1391
 1399
 1417
 1430
 1433
 1437
 1457
 1458
 1471
 1472
 1546
 1551
 1559
 1572
 1578
 1583
 1603
 1609
 1617
 1630
 1636
 1639
 1640
 1658
 1676
 1679
 1682
 1697
 1704
 1715
 1716
 1737
 1742
 1810
 1826
 1831
 1845
 1851
 1864
 1893
 1897
 1904
 1905
 1911
 1920
 1930
 1957
 1966
 1985
 1988
 1993
 2006
 2016
 2023
 2042
 2049
 2052
 2066
 2077
 2085
 2097
 2107
 2117
 2151
 2166
 2181
 2182
 2202
 2203
 2216
 2219
 2238
 2240
 2251
 2266
 2272
 2283
 2310
 2321
 2330
 2334
 2368
 2371
 2375
 2395
 2399
 2419
 2421
 2423
 2437
 2438
 2456
 2467
 2468
 2485
 2506
 2511
 2513
 2549
 2562
 2566
 2570
 2571
 2592
 2596
 2611
 2620
 2629
 2634
 2645
 2652
 2685
 2689
 2704
 2735
 2737
 2745
 2765
 2775
 2813
 2814
 2837
 2846
 2871
 2875
 2888
 2900
 2910
 2920
 2931
 2966
 2967
 2971
 2987
 2994
 3012
 3015
 3017
 3032
 3037
 3042
 3054
 3060
 3074
 3080
 3097
 3110
 3124
 3129
 3137
 3144
 3153
 3159
 3163
 3178
 3191
 3204
 3208
 3212
 3227
 3228
 3242
 3243
 3254
 3265
 3282
 3288
 3296
 3301
 3307
 3324
 3340
 3342
 3346
 3364
 3372
 3377
 3380
 3385
 3386
 3403
 3404
 3411
 3415
 3421
 3422
 3424
 3427
 3437
 3442
 3447
 3461
 3462
 3474
 3475
 3483
 3494
 3495
 3505
 3509
 3514
 3522
 3525
 3529
 3532
 3540
 3542
 3553
 3556
 3566
 3573
 3575
 3576
 3586
 3601
 3602
 3609
 3610
 3614
 3621
 3629
 3630
 3636
 3645
 3648
 3662
 3664
 3667
 3669
 3674
 3675
 3693
 3697
 3703
 3707
 3711
 3718
 3724
 3739
 3743
 3747
 3764
 3768
 3769
 3770
 3775
 3776
 3779
 3783
 3797
 3803
 3815
 3823
 3824
 3830
 3831
 3835
 3838
 3845
 3855
 3864
 3866
 3870
 3871
 3884
 3888
 3894
 3897
 3901
 3902
 3912
 3920
 3921
 3929
 3933
 3940
 3950
 3952
 3963
 3976
 3978
 3980
 3989
 3990
 3995
 4005
 4014
 4015
 4026
 4030
 4033
 4036
 4045
 4047
 4058
 4073
 4082
 4083
 4089
 4092
 4094
 4111
 4113
 4126
 4129
 4131
 4135
 4142
 4143
 4149
 4153
 4155
 4157
 4165
 4167
 4177
 4178
 4180
 4192
 4202
 4203
 4209
 4216
 4223
 4229
 4237
 4241
 4259
 4263
 4267
 4276
 4278
 4279
 4281
 4291
 4294
 4301
 4303
 4304
 4307
 4312
 4326
 4331
 4333
 4345
 4347
 4348
 4352
 4370
 4372
 4373
 4385
 4391
 4392
 4398
 4401
 4426
 4428
 4430
 4437
 4438
 4442
 4445
 4450
 4465
 4474
 4475
 4481
 4483
 4493
 4504
 4508
 4519
 4524
 4526
 4532
 4533
 4536
 4546
 4548
 4554
 4557
 4562
 4567
 4575
 4578
 4592
 4595
 4600
 4601
 4603
 4619
 4621
 4636
 4637
 4639
 4640
 4649
 4661
 4667
 4670
 4673
 4675
 4683
 4690
 4694
 4695
 4711
 4715
 4717
 4723
 4727
 4739
 4742
 4750
 4758
 4766
 4774
 4778
 4781
 4782
 4789
 4797
 4802
 4813
 4816
 4818
 4826
 4837
 4838
 4845
 4846
 4858
 4862
 4863
 4867
 4876
 4888
 4895
 4902
 4904
 4910
 4911
 4923
 4931
 4935
 4937
 4945
 4947
 4952
 4956
 4961
 4968
 4977
 4992
 4994
 4998
 5007
 5017
 5022
 5028
 5033
 5040
 5041
 5047
 5052
 5059
 5061
 5082
 5083
 5085
 5086
 5087
 5094
 5097
 5098
 5113
 5115
 5126
 5139
 5142
 5146
 5147
 5152
 5158
 5160
 5177
 5179
 5184
 5185
 5186
 5194
 5204
 5211
 5212
 5220
 5225
 5227
 5238
 5240
 5248
 5252
 5257
 5261
 5262
 5269
 5279
 5284
 5293
 5298
 5305
 5314
 5315
 5317
 5320
 5329
 5343
 5347
 5349
 5363
 5364
 5366
 5380
 5384
 5388
 5390
 5405
 5408
 5412
 5416
 5420
 5427
 5442
 5443
 5450
 5452
 5454
 5456
 5464
 5470
 5477
 5483
 5495
 5501
 5502
 5504
 5523
 5525
 5532
 5542
 5546
 5547
 5548
 5558
 5566
 5571
 5578
 5586
 5588
 5596
 5598
 5599
 5608
 5611
 5622
 5623
 5637
 5639
 5654
 5657
 5664
 5668
 5669
 5673
 5674
 5688
 5696
 5697
 5699
 5705
 5709
 5712
 5722
 5732
 5740
 5745
 5746
 5756
 5760
 5767
 5772
 5777
 5784
 5785
 5791
 5792
 5800
 5804
 5813
 5821
 5828
 5837
 5839
 5842
 5848
 5853
 5872
 5880
 5887
 5892
 5893
 5895
 5897
 5898
 5913
 5914
 5917
 5921
 5936
 5939
 5952
 5960
 5963
 5965
 5966
 5967
 5977
 5983
 5986
 5988
 5993
 5994
 6002
 6017
 6023
 6026
 6032
 6051
 6052
 6061
 6067
 6071
 6078
 6079
 6080
 6089
 6096
 6103
 6105
 6108
 6115
 6116
 6126
 6129
 6136
 6139
 6141
 6156
 6159
 6170
 6171
 6175
 6178
 6196
 6199
 6209
 6215
 6217
 6219
 6224
 6227
 6239
 6240
 6241
 6244
 6261
 6265
 6276
 6277
 6280
 6281
 6286
 6293
 6313
 6319
 6322
 6327
 6331
 6338
 6342
 6343
 6347
 6361
 6362
 6365
 6378
 6382
 6383
 6396
 6405
 6406
 6413
 6420
 6431
 6434
 6438
 6441
 6448
 6449
 6453
 6457
 6476
 6479
 6486
 6488
 6492
 6499
 6502
 6507
 6517
 6524
 6527
 6528
 6532
 6533
 6542
 6559
 6567
 6569
 6580
 6589
 6592
 6594
 6601
 6606
 6608
 6610
 6618
 6625
 6626
 6635
 6637
 6651
 6662
 6670
 6671
 6673
 6677
 6684
 6696
 6699
 6707
 6712
 6715
 6720
 6726
 6729
 6736
 6739
 6747
 6752
 6755
 6761
 6771
 6774
 6777
 6781
 6797
 6809
 6817
 6818
 6819
 6820
 6824
 6847
 6851
 6852
 6855
 6860
 6862
 6867
 6868
 6874
 6885
 6887
 6899
 6902
 6906
 6915
 6917
 6922
 6935
 6936
 6942
 6957
 6958
 6968
 6974
 6975
 6977
 6985
 6987
 7001
 7003
 7008
 7016
 7023
 7024
 7033
 7038
 7040
 7048
 7063
 7067
 7069
 7075
 7081
 7086
 7090
 7091
 7106
 7109
 7111
 7118
 7132
 7134
 7139
 7140
 7146
 7153
 7157
 7172
 7175
 7178
 7187
 7196
 7204
 7209
 7212
 7219
 7225
 7226
 7229
 7234
 7241
 7247
 7259
 7264
 7267
 7273
 7284
 7285
 7287
 7288
 7296
 7297
 7303
 7317
 7324
 7334
 7336
 7343
 7355
 7360
 7367
 7368
 7373
 7375
 7383
 7390
 7392
 7397
 7402
 7403
 7416
 7418
 7425
 7429
 7437
 7441
 7457
 7458
 7459
 7462
 7472
 7482
 7484
 7495
 7498
 7499
 7501
 7509
 7513
 7515
 7528
 7529
 7533
 7538
 7546
 7553
 7564
 7566
 7570
 7574
 7575
 7591
 7595
 7616
 7617
 7618
 7620
 7621
 7634
 7635
 7650
 7651
 7655
 7664
 7668
 7673
 7689
 7691
 7695
 7697
 7720
 7725
 7734
 7736
 7741
 7746
 7747
 7748
 7751
 7754
 7760
 7761
 7763
 7774
 7776
 7782
 7787
 7805
 7808
 7814
 7821
 7822
 7830
 7837
 7840
 7851
 7853
 7860
 7863
 7874
 7876
 7880
 7885
 7892
 7895
 7898
 7906
 7908
 7919
 7927
 7938
 7942
 7946
 7952
 7955
 7959
 7970
 7975
 7983
 7985
 8008
 8012
 8013
 8018
 8021
 8024
 8038
 8040
 8044
 8045
 8051
 8052
 8054
 8055
 8071
 8072
 8078
 8091
 8094
 8097
 8107
 8108
 8111
 8123
 8125
 8129
 8132
 8153
 8155
 8157
 8159
 8167
 8172
 8184
 8186
 8188
 8199
 8216
 8227
 8228
 8231
 8234
 8236
 8237
 8240
 8248
 8249
 8252
 8261
 8267
 8274
 8275
 8290
 8300
 8306
 8308
 8311
 8316
 8321
 8344
 8345
 8357
 8358
 8364
 8367
 8372
 8374
 8379
 8383
 8385
 8387
 8389
 8405
 8407
 8417
 8419
 8437
 8438
 8444
 8448
 8455
 8457
 8473
 8474
 8480
 8482
 8487
 8488
 8493
 8510
 8512
 8513
 8522
 8523
 8530
 8534
 8541
 8545
 8567
 8574
 8577
 8580
 8582
 8587
 8589
 8591
 8597
 8610
 8611
 8619
 8631
 8632
 8641
 8643
 8658
 8662
 8667
 8672
 8673
 8685
 8689
 8690
 8691
 8693
 8704
 8712
 8722
 8742
 8743
 8746
 8752
 8763
 8766
 8768
 8775
 8778
 8782
 8786
 8787
 8788
 8790
 8796
 8811
 8819
 8820
 8830
 8843
 8848
 8854
 8857
 8858
 8861
 8868
 8869
 8871
 8882
 8893
 8894
 8901
 8910
 8911
 8912
 8923
 8943
 8944
 8955
 8956
 8957
 8969
 8974
 8975
 8980
 8982
 8987
 8990
 9001
 9010
 9015
 9019
 9041
 9044
 9047
 9049
 9058
 9067
 9068
 9070
 9075
 9076
 9083
 9092
 9102
 9116
 9117
 9119
 9126
 9129
 9130
 9132
 9139
 9140
 9148
 9170
 9175
 9177
 9181
 9182
 9188
 9190
 9200
 9203
 9208
 9221
 9222
 9225
 9238
 9249
 9251
 9254
 9264
 9265
 9270
 9271
 9277
 9286
 9289
 9298
 9310
 9312
 9330
 9336
 9368
 9371
 9376
 9383
 9385
 9394
 9398
 9401
 9402
 9412
 9429
 9435
 9439
 9455
 9470
 9471
 9475
 9483
 9512
 9517
 9521
 9528
 9543
 9551
 9552
 9553
 9562
 9569
 9571
 9590
 9593
 9604
 9620
 9634
 9639
 9662
 9663
 9674
 9675
 9680
 9687
 9694
 9714
 9715
 9731
 9732
 9748
 9764
 9768
 9777
 9793
 9796
 9801
 9802
 9808
 9814
 9842
 9845
 9849
 9856
 9871
 9881
 9886
 9894
 9899
 9920
 9933
 9937
 9955
 9960
 9962
 9976
 9978
 9991
 9992
10001
10009
10033
10041
10047
10060
10070
10073
10074
10081
10108
10111
10112
10119
10130
10137
10151
10162
10167
10181
10183
10194
10207
10215
10227
10238
10241
10243
10258
10270
10281
10285
10291
10300
10314
10331
10336
10337
10345
10358
10366
10375
10376
10388
10404
10428
10429
10430
10440
10444
10451
10466
10475
10489
10498
10499
10512
10514
10519
10527
10547
10551
10580
10586
10589
10595
10596
10598
10616
10619
10636
10640
10649
10670
10675
10685
10686
10692
10697
10721
10728
10751
10754
10755
10761
10765
10779
10798
10801
10803
10823
10827
10830
10843
10850
10861
10871
10874
10877
10899
10908
10916
10925
10928
10942
10953
10957
10959
10988
10991
10996
11015
11027
11036
11045
11048
11049
11062
11078
11081
11087
11088
11095
11109
11130
11143
11152
11153
11166
11171
11178
11183
11192
11197
11218
11219
11228
11236
11242
11254
11270
11272
11285
11286
11304
11309
11332
11335
11339
11342
11345
11368
11370
11384
11392
11396
11405
11427
11437
11444
11445
11456
11457
11471
11486
11489
11495
11505
11510
11526
11533
11546
11547
11564
11575
11577
11586
11597
11616
11630
11633
11638
11645
11651
11656
11665
11682
11683
11689
11710
11726
11727
11743
11744
11758
11763
11765
11773
11786
11788
11811
11812
11840
11844
11846
11850
11878
11882
11883
11896
11897
11898
11904
11930
11932
11933
11946
11951
11966
11970
11983
11999
12013
12016
12027
12032
12036
12044
12056
12057
12068
12080
12084
12097
12111
12114
12122
12131
12155
12159
12180
12183
12191
12196
12198
12210
12211
12225
12236
12238
12250
12266
12279
12287
12296
12298
12328
12331
12338
12339
12348
12359
12363
12365
12382
12394
12407
12409
12413
12428
12430
12441
12458
12464
12477
12485
12490
12498
12517
12518
12535
12538
12545
12554
12558
12565
12579
12596
12602
12605
12617
12622
12627
12647
12648
12653
12671
12680
12690
12694
12697
12723
12725
12730
12738
12750
12757
12762
12767
12779
12796
12800
12825
12829
12830
12834
12856
12865
12878
12880
12884
12886
12898
12912
12923
12927
12935
12951
12955
12966
12970
12997
13000
13001
13014
13015
13029
13051
13052
13058
13070
13097
13099
13100
13101
13102
13121
13122
13123
13144
13153
13163
13169
13181
13184
13195
13220
13221
13238
13245
13248
13256
13272
13276
13278
13281
13290
13306
13322
13329
13342
13343
13351
13366
13379
13380
13388
13390
13409
13412
13418
13425
13445
13452
13459
13465
13470
13496
13497
13501
13519
13524
13530
13544
13557
13562
13575
13584
13592
13597
13607
13610
13626
13630
13638
13655
13665
13677
13682
13683
13702
13704
13708
13726
13739
13743
13748
13754
13766
13767
13781
13795
13806
13810
13814
13834
13838
13841
13862
13869
13874
13878
13890
13895
13907
13928
13937
13942
13951
13954
13972
13973
13977
13995
14006
14018
14021
14033
14040
14048
14052
14063
14078
14080
14087
14090
14107
14112
14130
14135
14138
14150
14168
14175
14178
14186
14198
14215
14229
14235
14248
14253
14262
14265
14271
14281
14290
14293
14316
14319
14325
14326
14348
14353
14363
14369
14372
14394
14395
14400
14419
14426
14435
14446
14465
14466
14467
14478
14482
14497
14507
14511
14524
14544
14555
14563
14567
14568
14585
14598
14606
14609
14613
14639
14643
14651
14659
14664
14668
14671
14689
14695
14705
14720
14727
14728
14729
14747
14748
14765
14775
14792
14799
14800
14814
14820
14832
14833
14838
14855
14858
14883
14902
14906
14911
14924
14931
14933
14943
14950
14951
14957
14978
14979
14985
14999
15008
15015
15022
15028
15046
15056
15061
15063
15080
15093
15113
15118
15123
15124
15130
15140
15161
15163
15164
15183
15187
15194
15203
15214
15219
15230
15239
15254
15263
15269
15272
15287
15291
15302
15313
15322
15342
15343
15353
15361
15371
15372
15395
15398
15407
15408
15419
15437
15445
15461
15469
15470
15484
15488
15494
15514
15517
15518
15541
15542
15550
15555
15560
15569
15580
15592
15602
15606
15620
15626
15633
15646
15671
15672
15678
15688
15697
15701
15703
15724
15730
15740
15744
15761
15766
15770
15789
15803
15809
15815
15830
15832
15837
15838
15853
15862
15879
15881
15894
15895
15933
15940
15948
15951
15956
15959
15962
15964
15974
15989
15993
16014
16015
16023
16026
16052
16056
16058
16076
16078
16088
16090
16110
16120
16133
16139
16145
16147
16157
16160
16175
16182
16209
16213
16226
16230
16234
16237
16257
16259
16273
16277
16287
16300
16306
16321
16323
16337
16344
16346
16352
16362
16373
16395
16399
16409
16418
16421
16422
16443
16447
16463
16468
16470
16478
16485
16497
16521
16533
16541
16542
16547
16556
16558
16576
16588
16592
16593
16613
16619
16625
16635
16652
16659
16660
16665
16673
16694
16709
16710
16733
16734
16739
16740
16750
16760
16761
16787
16790
16796
16799
16822
16839
16849
16850
16864
16868
16879
16885
16893
16901
16903
16924
16929
16938
16941
16947
16958
16969
16977
16993
16994
17009
17014
17024
17029
17044
17049
17072
17078
17079
17080
17096
17100
17125
17131
17134
17142
17154
17157
17168
17169
17188
17192
17200
17209
17219
17228
17241
17252
17267
17271
17272
17284
17288
17306
17321
17327
17337
17355
17360
17379
17391
17392
17404
17408
17411
17412
17426
17431
17433
17441
17453
17476
17477
17478
17486
17498
17515
17526
17535
17546
17553
17554
17561
17570
17587
17591
17595
17608
17620
17632
17641
17644
17649
17657
17664
17685
17692
17700
17712
17721
17723
17731
17740
17759
17760
17764
17777
17783
17798
17804
17813
17817
17835
17848
17856
17865
17880
17888
17896
17897
17898
17921
17930
17946
17949
17950
17972
17976
17983
17992
17995
18000
18013
18020
18037
18039
18054
18064
18074
18078
18083
18097
18109
18113
18116
18127
18132
18152
18168
18173
18178
18182
18190
18193
18206
18221
18233
18236
18267
18268
18277
18280
18283
18291
18311
18312
18317
18343
18344
18346
18367
18370
18373
18383
18399
18408
18413
18418
18432
18437
18451
18454
18460
18476
18479
18482
18496
18510
18513
18531
18535
18544
18547
18563
18566
18582
18590
18601
18609
18610
18623
18625
18648
18653
18670
18673
18678
18691
18703
18706
18721
18722
18739
18746
18755
18756
18769
18773
18785
18789
18812
18814
18835
18842
18849
18855
18860
18865
18872
18890
18891
18916
18917
18918
18928
18944
18957
18959
18962
18976
18986
18994
18999
19016
19027
19034
19040
19047
19056
19057
19071
19085
19088
19101
19114
19129
19143
19150
19157
19160
19179
19184
19190
19191
19196
19216
19222
19228
19238
19243
19253
19267
19273
19277
19290
19310
19314
19323
19340
19345
19346
19363
19370
19381
19385
19386
19405
19406
19408
19428
19441
19450
19462
19464
19486
19490
19495
19506
19513
19521
19529
19543
19551
19554
19566
19571
19572
19589
19595
19609
19620
19623
19639
19646
19648
19663
19667
19673
19690
19694
19703
19721
19729
19742
19754
19760
19764
19772
19781
19796
19798
19804
19813
19829
19832
19834
19850
19863
19864
19873
19880
19896
19899
19916
19920
19931
19932
19952
19957
19977
19982
19991
20004
20012
20016
20021
20027
20039
20042
20054
20069
20079
20085
20091
20099
20105
20117
20130
20140
20168
20170
20177
20180
20181
20197
20198
20228
20231
20232
20241
20256
20267
20268
20273
20285
20288
20298
20307
20320
20324
20334
20339
20354
20359
20383
20384
20392
20393
20412
20423
20429
20444
20454
20458
20461
20464
20482
20499
20506
20507
20513
20518
20528
20542
20552
20556
20573
20576
20588
20599
20603
20619
20624
20631
20648
20653
20657
20666
20678
20688
20693
20703
20712
20723
20732
20735
20754
20769
20780
20782
20783
20798
20800
20816
20821
20837
20842
20850
20863
20871
20872
20878
20904
20911
20918
20935
20938
20939
20941
20962
20971
20976
20987
21008
21010
21013
21016
21036
21044
21062
21068
21069
21070
21078
21095
21101
21116
21124
21137
21149
21157
21161
21171
21178
21186
21187
21199
21209
21217
21229
21242
21248
21249
21262
21263
21280
21290
21307
21309
21315
21330
21336
21340
21356
21357
21374
21375
21380
21408
21412
21416
21421
21428
21448
21449
21464
21467
21484
21491
21509
21510
21523
21536
21538
21543
21547
21559
21574
21577
21589
21595
21601
21609
21623
21628
21646
21647
21663
21669
21676
21684
21693
21698
21715
21722
21728
21732
21752
21761
21768
21775
21785
21788
21802
21809
21828
21834
21839
21845
21859
21890
21895
21904
21905
21913
21916
21917
21930
21932
21949
21955
21965
21986
21989
21990
21992
22014
22017
22030
22037
22057
22058
22076
22083
22084
22088
22107
22116
22130
22133
22136
22141
22155
22163
22171
22173
22196
22197
22208
22210
22229
22234
22246
22256
22271
22272
22282
22295
22301
22305
22323
22328
22332
22339
22353
22367
22370
22389
22394
22401
22406
22417
22420
22442
22445
22447
22470
22471
22472
22480
22490
22507
22520
22524
22528
22538
22550
22551
22567
22582
22583
22590
22612
22613
22631
22641
22649
22656
22667
22670
22673
22693
22694
22696
22728
22729
22733
22744
22750
22762
22772
22778
22779
22799
22802
22811
22813
22830
22841
22842
22857
22860
22880
22884
22890
22892
22910
22915
22938
22945
22947
22959
22964
22969
22985
22996
22998
22999
23025
23036
23037
23050
23063
23064
23080
23086
23090
23109
23129
23131
23135
23138
23144
23146
23174
23179
23181
23195
23201
23208
23216
23223
23227
23252
23262
23266
23274
23278
23284
23298
23308
23310
23318
23330
23333
23357
23366
23374
23375
23385
23391
23405
23406
23428
23436
23444
23456
23461
23474
23478
23488
23489
23495
23515
23520
23542
23543
23552
23572
23577
23582
23583
23589
23609
23618
23621
23624
23642
23650
23667
23671
23681
23682
23687
23699
23705
23719
23725
23735
23749
23768
23773
23786
23797
23804
23807
23808
23813
23828
23832
23854
23859
23869
23873
23875
23897
23901
23904
23910
23921
23937
23952
23956
23962
23976
23990
23991
23994
24007
24015
24028
24041
24045
24046
24059
24071
24074
24102
24104
24108
24110
24120
24144
24145
24151
24162
24169
24182
24184
24201
24202
24207
24218
24237
24242
24246
24263
24264
24281
24282
24296
24315
24318
24329
24341
24347
24348
24349
24373
24385
24391
24405
24412
24415
24423
24428
24456
24464
24467
24468
24480
24481
24497
24503
24515
24528
24529
24530
24551
24552
24553
24577
24596
24597
24607
24613
24617
24632
24636
24641
24660
24663
24675
24683
24706
24709
24714
24725
24730
24734
24746
24756
24758
24775
24786
24804
24812
24813
24815
24823
24839
24853
24854
24855
24864
24878
24884
24903
24909
24917
24931
24933
24938
24950
24973
24974
24978
25003
25007
25008
25014
25042
25045
25051
25052
25067
25069
25077
25101
25102
25106
25118
25129
25140
25149
25150
25166
25169
25170
25196
25202
25206
25214
25226
25231
25238
25252
25260
25273
25278
25307
25309
25315
25316
25326
25327
25346
25352
25358
25363
25386
25388
25402
25408
25409
25418
25439
25446
25453
25457
25467
25479
25484
25487
25509
25514
25515
25529
25536
25556
25557
25567
25583
25584
25591
25602
25616
25621
25624
25637
25642
25649
25669
25671
25692
25697
25698
25705
25722
25732
25740
25756
25757
25764
25765
25782
25792
25799
25803
25814
25822
25825
25849
25857
25869
25881
25900
25906
25909
25910
25916
25932
25943
25944
25955
25958
25972
25974
25982
25991
26009
26013
26026
26036
26053
26056
26058
26065
26075
26090
26096
26109
26110
26123
26140
26141
26151
26160
26161
26180
26183
26186
26203
26213
26221
26226
26234
26244
26266
26267
26292
26293
26304
26308
26317
26319
26332
26344
26363
26364
26370
26373
26386
26389
26396
26417
26420
26428
26440
26451
26468
26471
26476
26481
26492
26510
26518
26521
26522
26543
26555
26561
26564
26574
26578
26599
26600
26613
26614
26633
26634
26639
26651
26666
26673
26685
26690
26691
26706
26718
26719
26736
26748
26758
26763
26776
26780
26791
26805
26810
26811
26828
26838
26846
26852
26855
26869
26882
26883
26891
26909
26915
26925
26929
26938
26958
26965
26966
26982
26984
26989
27000
27005
27026
27029
27041
27052
27071
27072
27079
27083
27097
27105
27111
27121
27131
27137
27146
27169
27175
27183
27190
27215
27218
27221
27223
27240
27243
27244
27266
27267
27280
27287
27296
27307
27308
27331
27333
27334
27346
27356
27366
27377
27380
27396
27406
27409
27420
27425
27431
27445
27454
27470
27482
27494
27497
27498
27503
27518
27528
27550
27556
27560
27566
27570
27586
27593
27603
27611
27618
27628
27634
27649
27651
27665
27669
27681
27696
27701
27706
27719
27722
27725
27743
27746
27760
27775
27781
27789
27793
27806
27807
27819
27836
27840
27849
27853
27878
27880
27882
27898
27899
27916
27921
27935
27937
27959
27974
27975
27976
27983
27997
28003
28028
28029
28037
28039
28056
28064
28069
28070
28093
28113
28118
28122
28127
28128
28129
28142
28156
28162
28175
28178
28190
28194
28217
28218
28224
28248
28249
28264
28265
28279
28292
28294
28297
28310
28319
28341
28348
28350
28353
28360
28373
28378
28390
28399
28409
28411
28424
28432
28448
28449
28456
28472
28483
28490
28496
28509
28524
28538
28546
28547
28549
28559
28581
28583
28595
28596
28606
28619
28627
28634
28639
28646
28664
28665
28679
28688
28693
28710
28718
28734
28739
28744
28748
28769
28770
28777
28794
28800
28807
28814
28820
28833
28849
28852
28855
28869
28884
28888
28896
28898
28912
28915
28933
28938
28944
28955
28962
28988
28996
28997
29015
29023
29033
29037
29038
29054
29069
29070
29072
29077
29092
29098
29114
29118
29121
29144
29146
29157
29162
29165
29185
29193
29200
29208
29223
29233
29237
29248
29256
29270
29275
29298
29305
29307
29308
29327
29328
29333
29347
29363
29375
29376
29381
29383
29394
29409
29414
29427
29438
29442
29455
29471
29478
29496
29502
29517
29518
29532
29542
29546
29550
29559
29567
29573
29574
29588
29594
29597
29616
29622
29635
29646
29647
29652
29666
29684
29687
29690
29699
29715
29727
29731
29734
29746
29774
29781
29782
29783
29794
29803
29810
29836
29841
29842
29856
29858
29864
29872
29891
29902
29903
29916
29927
29937
29942
29947
29962
29972
29975
29976
29988
30004
30007
30035
30041
30044
30050
30051
30058
30080
30089
30094
30100
30118
30124
30131
30136
30154
30159
30160
30171
30182
30189
30206
30208
30217
30228
30245
30248
30249
30253
30276
30284
30285
30303
30306
30325
30338
30342
30347
30349
30359
30372
30384
30392
30397
30398
30414
30426
30428
30448
30456
30466
30473
30476
30486
30496
30499
30526
30530
30535
30549
30550
30557
30568
30577
30584
30598
30602
30616
30630
30636
30645
30648
30651
30670
30686
30687
30693
30704
30705
30716
30734
30751
30755
30756
30762
30779
30785
30787
30800
30818
30819
30827
30836
30851
30863
30866
30878
30889
30897
30905
30911
30923
30929
30943
30949
30959
30973
30982
30985
30988
30994
31016
31018
31034
31040
31043
31063
31065
31090
31097
31101
31102
31118
31119
31136
31145
31150
31159
31165
31168
31176
31195
31203
31204
31215
31229
31230
31254
31269
31282
31288
31303
31305
31310
31311
31316
31317
31331
31352
31355
31357
31375
31381
31388
31397
31402
31409
31422
31429
31446
31454
31466
31469
31471
31493
31494
31502
31510
31522
31525
31546
31549
31551
31567
31584
31592
31597
31608
31609
31610
31628
31650
31655
31661
31667
31680
31691
31704
31713
31721
31732
31737
31742
31745
31770
31774
31781
31784
31787
31801
31815
31821
31828
31847
31848
31856
31863
31872
31873
31889
31896
31909
31921
31925
31940
31945
31949
31957
31971
31982
31990
31995
32020
32032
32038
32047
32051
32063
32069
32071
32091
32099
32100
32109
32120
32124
32128
32144
32150
32174
32175
32176
32195
32200
32216
32218
32220
32235
32248
32261
32263
32270
32284
32285
32299
32306
32311
32324
32325
32338
32351
32358
32370
32374
32392
32395
32405
32412
32422
32432
32435
32450
32453
32473
32479
32494
32507
32510
32511
32520
32523
32534
32549
32553
32572
32579
32584
32601
32611
32617
32622
32633
32647
32651
32654
32666
32672
32684
32694
32698
32704
32717
32740
32745
32755
32761
